one_letter,A,R,N,D,C,Q,E,G,H,I,L,K,M,F,P,S,T,W,Y,V
A,0.0,84.80000000000001,25.5,22.5,19.900000000000006,55.20000000000002,49.80000000000001,-28.499999999999993,64.6,78.1,78.1,80.0,74.30000000000001,101.30000000000001,24.10000000000001,0.4000000000000057,27.5,139.20000000000002,105.0,51.400000000000006
R,-84.80000000000001,0.0,-59.30000000000001,-62.30000000000001,-64.9,-29.599999999999994,-35.0,-113.30000000000001,-20.200000000000017,-6.700000000000017,-6.700000000000017,-4.800000000000011,-10.5,16.5,-60.7,-84.4,-57.30000000000001,54.400000000000006,20.19999999999999,-33.400000000000006
N,-25.5,59.30000000000001,0.0,-3.0,-5.599999999999994,29.700000000000017,24.30000000000001,-53.99999999999999,39.099999999999994,52.599999999999994,52.599999999999994,54.5,48.80000000000001,75.80000000000001,-1.3999999999999915,-25.099999999999994,2.0,113.70000000000002,79.5,25.900000000000006
D,-22.5,62.30000000000001,3.0,0.0,-2.5999999999999943,32.70000000000002,27.30000000000001,-50.99999999999999,42.099999999999994,55.599999999999994,55.599999999999994,57.5,51.80000000000001,78.80000000000001,1.6000000000000085,-22.099999999999994,5.0,116.70000000000002,82.5,28.900000000000006
C,-19.900000000000006,64.9,5.599999999999994,2.5999999999999943,0.0,35.30000000000001,29.900000000000006,-48.4,44.69999999999999,58.19999999999999,58.19999999999999,60.099999999999994,54.400000000000006,81.4,4.200000000000003,-19.5,7.599999999999994,119.30000000000001,85.1,31.5
Q,-55.20000000000002,29.599999999999994,-29.700000000000017,-32.70000000000002,-35.30000000000001,0.0,-5.400000000000006,-83.70000000000002,9.399999999999977,22.899999999999977,22.899999999999977,24.799999999999983,19.099999999999994,46.099999999999994,-31.10000000000001,-54.80000000000001,-27.700000000000017,84.0,49.79999999999998,-3.8000000000000114
E,-49.80000000000001,35.0,-24.30000000000001,-27.30000000000001,-29.900000000000006,5.400000000000006,0.0,-78.30000000000001,14.799999999999983,28.299999999999983,28.299999999999983,30.19999999999999,24.5,51.5,-25.700000000000003,-49.400000000000006,-22.30000000000001,89.4,55.19999999999999,1.5999999999999943
G,28.499999999999993,113.30000000000001,53.99999999999999,50.99999999999999,48.4,83.70000000000002,78.30000000000001,0.0,93.1,106.6,106.6,108.5,102.80000000000001,129.8,52.6,28.9,55.99999999999999,167.70000000000002,133.5,79.9
H,-64.6,20.200000000000017,-39.099999999999994,-42.099999999999994,-44.69999999999999,-9.399999999999977,-14.799999999999983,-93.1,0.0,13.5,13.5,15.400000000000006,9.700000000000017,36.70000000000002,-40.499999999999986,-64.19999999999999,-37.099999999999994,74.60000000000002,40.400000000000006,-13.199999999999989
I,-78.1,6.700000000000017,-52.599999999999994,-55.599999999999994,-58.19999999999999,-22.899999999999977,-28.299999999999983,-106.6,-13.5,0.0,0.0,1.9000000000000057,-3.799999999999983,23.200000000000017,-53.999999999999986,-77.69999999999999,-50.599999999999994,61.10000000000002,26.900000000000006,-26.69999999999999
L,-78.1,6.700000000000017,-52.599999999999994,-55.599999999999994,-58.19999999999999,-22.899999999999977,-28.299999999999983,-106.6,-13.5,0.0,0.0,1.9000000000000057,-3.799999999999983,23.200000000000017,-53.999999999999986,-77.69999999999999,-50.599999999999994,61.10000000000002,26.900000000000006,-26.69999999999999
K,-80.0,4.800000000000011,-54.5,-57.5,-60.099999999999994,-24.799999999999983,-30.19999999999999,-108.5,-15.400000000000006,-1.9000000000000057,-1.9000000000000057,0.0,-5.699999999999989,21.30000000000001,-55.89999999999999,-79.6,-52.5,59.20000000000002,25.0,-28.599999999999994
M,-74.30000000000001,10.5,-48.80000000000001,-51.80000000000001,-54.400000000000006,-19.099999999999994,-24.5,-102.80000000000001,-9.700000000000017,3.799999999999983,3.799999999999983,5.699999999999989,0.0,27.0,-50.2,-73.9,-46.80000000000001,64.9,30.69999999999999,-22.900000000000006
F,-101.30000000000001,-16.5,-75.80000000000001,-78.80000000000001,-81.4,-46.099999999999994,-51.5,-129.8,-36.70000000000002,-23.200000000000017,-23.200000000000017,-21.30000000000001,-27.0,0.0,-77.2,-100.9,-73.80000000000001,37.900000000000006,3.6999999999999886,-49.900000000000006
P,-24.10000000000001,60.7,1.3999999999999915,-1.6000000000000085,-4.200000000000003,31.10000000000001,25.700000000000003,-52.6,40.499999999999986,53.999999999999986,53.999999999999986,55.89999999999999,50.2,77.2,0.0,-23.700000000000003,3.3999999999999915,115.10000000000001,80.89999999999999,27.299999999999997
S,-0.4000000000000057,84.4,25.099999999999994,22.099999999999994,19.5,54.80000000000001,49.400000000000006,-28.9,64.19999999999999,77.69999999999999,77.69999999999999,79.6,73.9,100.9,23.700000000000003,0.0,27.099999999999994,138.8,104.6,51.0
T,-27.5,57.30000000000001,-2.0,-5.0,-7.599999999999994,27.700000000000017,22.30000000000001,-55.99999999999999,37.099999999999994,50.599999999999994,50.599999999999994,52.5,46.80000000000001,73.80000000000001,-3.3999999999999915,-27.099999999999994,0.0,111.70000000000002,77.5,23.900000000000006
W,-139.20000000000002,-54.400000000000006,-113.70000000000002,-116.70000000000002,-119.30000000000001,-84.0,-89.4,-167.70000000000002,-74.60000000000002,-61.10000000000002,-61.10000000000002,-59.20000000000002,-64.9,-37.900000000000006,-115.10000000000001,-138.8,-111.70000000000002,0.0,-34.20000000000002,-87.80000000000001
Y,-105.0,-20.19999999999999,-79.5,-82.5,-85.1,-49.79999999999998,-55.19999999999999,-133.5,-40.400000000000006,-26.900000000000006,-26.900000000000006,-25.0,-30.69999999999999,-3.6999999999999886,-80.89999999999999,-104.6,-77.5,34.20000000000002,0.0,-53.599999999999994
V,-51.400000000000006,33.400000000000006,-25.900000000000006,-28.900000000000006,-31.5,3.8000000000000114,-1.5999999999999943,-79.9,13.199999999999989,26.69999999999999,26.69999999999999,28.599999999999994,22.900000000000006,49.900000000000006,-27.299999999999997,-51.0,-23.900000000000006,87.80000000000001,53.599999999999994,0.0
